1
3
3
6
1
2
1
5
2
6
5
2
1
4
1
5
3
2
2
1
1
3
1
3
2
4
1
3
1
2
7
1
1
4
2
8
2
2
1
2
1
3
4
1
4
3
8
5
4
3
2
2
6
1
1
7
5
4
1
4
2
5
6
4
1
1
1
1
1
1
3
2
3
7
1
2
3
7
8
6
4
2
5
4
3
1
5
3
6
1
2
1
2
3
2
3
1
3
3
6
1
2
1
5
2
6
5
2
1
4
1
5
3
2
2
1
1
3
1
3
2
4
1
3
1
2
7
1
1
4
2
8
2
2
1
2
1
3
4
1
4
3
8
5
4
3
2
2
6
1
1
7
5
4
1
4
2
5
6
4
1
1
1
1
1
1
3
2
3
7
1
2
3
7
8
6
4
2
5
4
3
1
5
3
6
1
2
1
2
3
2
3
1
3
3
6
1
2
1
5
2
6
5
2
1
4
1
5
3
2
2
1
1
3
1
3
2
4
1
3
1
2
7
1
1
4
2
8
2
2
1
2
1
3
4
1
4
3
8
5
4
3
2
2
6
1
1
7
5
4
1
4
2
5
6
4
1
1
1
1
1
1
3
2
3
7
1
2
3
7
8
6
4
2
5
4
3
1
5
3
6
1
2
1
2
3
2
3
